For India's 66th Company
<class 'statsmodels.iolib.summary.Summary'>
"""
                            OLS Regression Results                            
==============================================================================
Dep. Variable:                      y   R-squared:                       0.999
Model:                            OLS   Adj. R-squared:                  0.999
Method:                 Least Squares   F-statistic:                 2.045e+04
Date:                Fri, 08 Jun 2018   Prob (F-statistic):               0.00
Time:                        14:11:36   Log-Likelihood:                -11426.
No. Observations:                3210   AIC:                         2.312e+04
Df Residuals:                    3075   BIC:                         2.394e+04
Df Model:                         135                                         
Covariance Type:            nonrobust                                         
==============================================================================
                 coef    std err          t      P>|t|      [0.025      0.975]
------------------------------------------------------------------------------
x1          5.231e-06   1.23e-05      0.425      0.671   -1.89e-05    2.94e-05
x2             0.0040      0.001      4.261      0.000       0.002       0.006
x3             0.0142      0.002      6.747      0.000       0.010       0.018
x4            -0.0004      0.000     -0.913      0.361      -0.001       0.001
x5            -0.0046      0.001     -6.930      0.000      -0.006      -0.003
x6            -0.0063      0.001     -4.511      0.000      -0.009      -0.004
x7            -0.0115      0.004     -2.993      0.003      -0.019      -0.004
x8             0.0057      0.002      3.076      0.002       0.002       0.009
x9            -0.0025      0.001     -1.845      0.065      -0.005       0.000
x10            0.0057      0.003      2.276      0.023       0.001       0.011
x11           -0.0389      0.003    -13.749      0.000      -0.044      -0.033
x12           -0.0187      0.002     -9.843      0.000      -0.022      -0.015
x13           -0.4526      0.123     -3.674      0.000      -0.694      -0.211
x14           -0.0278      0.003     -9.299      0.000      -0.034      -0.022
x15           -0.0046      0.002     -2.045      0.041      -0.009      -0.000
x16            0.0017      0.000      3.656      0.000       0.001       0.003
x17           -0.0012      0.002     -0.506      0.613      -0.006       0.003
x18            0.0071      0.003      2.247      0.025       0.001       0.013
x19           -0.0343      0.005     -7.406      0.000      -0.043      -0.025
x20           -0.0297      0.006     -5.051      0.000      -0.041      -0.018
x21            0.0224      0.005      4.158      0.000       0.012       0.033
x22           -0.0067      0.002     -3.849      0.000      -0.010      -0.003
x23            0.0070      0.001      7.464      0.000       0.005       0.009
x24            0.0820      0.007     10.934      0.000       0.067       0.097
x25            0.0077      0.003      2.505      0.012       0.002       0.014
x26           -0.0008      0.001     -0.632      0.528      -0.003       0.002
x27            0.0149      0.004      3.887      0.000       0.007       0.022
x28           -0.0008      0.000     -1.845      0.065      -0.002    5.22e-05
x29           -0.0020      0.001     -2.662      0.008      -0.003      -0.001
x30            0.0160      0.004      4.176      0.000       0.008       0.024
x31           -0.0004      0.000     -1.106      0.269      -0.001       0.000
x32            0.0006      0.000      4.319      0.000       0.000       0.001
x33           -0.0290      0.003     -9.492      0.000      -0.035      -0.023
x34           -0.0033      0.002     -1.721      0.085      -0.007       0.000
x35           -0.0252      0.005     -4.798      0.000      -0.035      -0.015
x36            0.0985      0.069      1.437      0.151      -0.036       0.233
x37           -0.0020      0.002     -0.830      0.407      -0.007       0.003
x38            0.0229      0.006      3.577      0.000       0.010       0.035
x39            0.0227      0.004      5.539      0.000       0.015       0.031
x40            0.0056      0.001      4.311      0.000       0.003       0.008
x41            0.0016      0.002      0.750      0.454      -0.003       0.006
x42            0.0007      0.001      0.521      0.603      -0.002       0.003
x43           -0.0059      0.002     -3.268      0.001      -0.009      -0.002
x44            0.0293      0.004      7.284      0.000       0.021       0.037
x45           -0.0382      0.006     -6.536      0.000      -0.050      -0.027
x46            0.0023      0.001      1.820      0.069      -0.000       0.005
x47            0.0006      0.001      0.910      0.363      -0.001       0.002
x48            0.0308      0.003      9.684      0.000       0.025       0.037
x49           -0.0796      0.009     -8.913      0.000      -0.097      -0.062
x50            0.0064      0.001      6.136      0.000       0.004       0.009
x51            0.0050      0.002      2.262      0.024       0.001       0.009
x52           -0.0026      0.002     -1.198      0.231      -0.007       0.002
x53           -0.0080      0.003     -2.979      0.003      -0.013      -0.003
x54           -0.0027      0.001     -1.838      0.066      -0.006       0.000
x55           -0.0022      0.003     -0.739      0.460      -0.008       0.004
x56           -0.0001      0.000     -0.638      0.524      -0.000       0.000
x57           -0.0020      0.004     -0.481      0.631      -0.010       0.006
x58            0.0173      0.003      5.031      0.000       0.011       0.024
x59           -0.0061      0.001     -4.935      0.000      -0.009      -0.004
x60            0.0033      0.001      3.052      0.002       0.001       0.005
x61            0.0110      0.004      2.457      0.014       0.002       0.020
x62            0.0053      0.002      2.977      0.003       0.002       0.009
x63            0.0037      0.003      1.302      0.193      -0.002       0.009
x64           -0.2591      0.071     -3.641      0.000      -0.399      -0.120
x65            0.0115      0.006      1.836      0.066      -0.001       0.024
x66            0.0132      0.002      6.607      0.000       0.009       0.017
x67            1.6018      0.668      2.399      0.016       0.293       2.911
x68           -0.0078      0.004     -1.784      0.075      -0.016       0.001
x69            0.5313      0.075      7.077      0.000       0.384       0.678
x70           -2.0148      0.199    -10.113      0.000      -2.405      -1.624
x71            0.2704      0.010     26.276      0.000       0.250       0.291
x72            0.1410      0.125      1.124      0.261      -0.105       0.387
x73            0.1482      0.060      2.478      0.013       0.031       0.266
x74           -0.5652      0.156     -3.629      0.000      -0.871      -0.260
x75           -0.0907      0.080     -1.127      0.260      -0.248       0.067
x76           -0.5506      0.160     -3.445      0.001      -0.864      -0.237
x77            1.0025      0.101      9.925      0.000       0.804       1.201
x78            0.4497      0.105      4.294      0.000       0.244       0.655
x79            0.1346      0.064      2.090      0.037       0.008       0.261
x80            0.4849      0.215      2.258      0.024       0.064       0.906
x81           -1.1218      0.261     -4.292      0.000      -1.634      -0.609
x82           -0.0803      0.073     -1.094      0.274      -0.224       0.064
x83            0.1075      0.071      1.510      0.131      -0.032       0.247
x84            0.1283      0.151      0.848      0.396      -0.168       0.425
x85           -0.4082      0.165     -2.481      0.013      -0.731      -0.086
x86           -1.1985      0.134     -8.968      0.000      -1.461      -0.937
x87            0.2939      0.153      1.915      0.056      -0.007       0.595
x88           -0.8689      0.089     -9.783      0.000      -1.043      -0.695
x89            0.9408      0.289      3.259      0.001       0.375       1.507
x90            0.4425      0.085      5.186      0.000       0.275       0.610
x91            0.7390      0.201      3.672      0.000       0.344       1.134
x92            0.2929      0.074      3.937      0.000       0.147       0.439
x93           -0.2484      0.190     -1.305      0.192      -0.622       0.125
x94           -1.6265      0.284     -5.730      0.000      -2.183      -1.070
x95           -0.3756      0.155     -2.421      0.016      -0.680      -0.071
x96           -0.0697      0.039     -1.800      0.072      -0.146       0.006
x97           -0.2138      0.145     -1.474      0.141      -0.498       0.071
x98           -0.4847      0.164     -2.962      0.003      -0.806      -0.164
x99            0.8710      0.140      6.239      0.000       0.597       1.145
x100          -0.4684      0.097     -4.813      0.000      -0.659      -0.278
x101           0.2259      0.182      1.243      0.214      -0.130       0.582
x102          -1.6017      0.170     -9.433      0.000      -1.935      -1.269
x103          -0.1507      0.076     -1.995      0.046      -0.299      -0.003
x104           0.3338      0.116      2.876      0.004       0.106       0.561
x105           0.3751      0.184      2.041      0.041       0.015       0.736
x106           0.3459      0.099      3.481      0.001       0.151       0.541
x107           0.5333      0.097      5.514      0.000       0.344       0.723
x108           0.5569      0.066      8.449      0.000       0.428       0.686
x109           0.2411      0.086      2.807      0.005       0.073       0.409
x110          -0.1406      0.048     -2.943      0.003      -0.234      -0.047
x111           0.3392      0.099      3.427      0.001       0.145       0.533
x112           0.5484      0.119      4.592      0.000       0.314       0.783
x113          -2.6891      0.627     -4.286      0.000      -3.919      -1.459
x114          -0.1149      0.090     -1.280      0.200      -0.291       0.061
x115          -0.2822      0.074     -3.834      0.000      -0.427      -0.138
x116           0.0617      0.197      0.313      0.754      -0.324       0.448
x117           0.4640      0.137      3.392      0.001       0.196       0.732
x118           0.2597      0.249      1.043      0.297      -0.229       0.748
x119           0.3602      0.124      2.900      0.004       0.117       0.604
x120           0.8837      0.128      6.921      0.000       0.633       1.134
x121          -0.2480      0.144     -1.726      0.084      -0.530       0.034
x122           0.0008      0.095      0.009      0.993      -0.186       0.188
x123           0.7574      0.087      8.671      0.000       0.586       0.929
x124          -0.1571      0.111     -1.420      0.156      -0.374       0.060
x125           0.1684      0.101      1.661      0.097      -0.030       0.367
x126           1.2813      0.254      5.044      0.000       0.783       1.779
x127          -0.0005      0.157     -0.003      0.997      -0.308       0.307
x128          -0.1419      0.188     -0.754      0.451      -0.511       0.227
x129          -0.3323      0.090     -3.695      0.000      -0.509      -0.156
x130           0.3382      0.246      1.372      0.170      -0.145       0.821
x131           1.1895      0.104     11.441      0.000       0.986       1.393
x132          -0.2325      0.069     -3.362      0.001      -0.368      -0.097
x133          -1.0363      0.110     -9.449      0.000      -1.251      -0.821
x134          -0.3625      0.151     -2.393      0.017      -0.659      -0.065
x135          -0.0768      0.094     -0.818      0.414      -0.261       0.107
==============================================================================
Omnibus:                      147.877   Durbin-Watson:                   1.964
Prob(Omnibus):                  0.000   Jarque-Bera (JB):              477.060
Skew:                           0.112   Prob(JB):                    2.56e-104
Kurtosis:                       4.875   Cond. No.                     1.70e+05
==============================================================================

Warnings:
[1] Standard Errors assume that the covariance matrix of the errors is correctly specified.
[2] The condition number is large, 1.7e+05. This might indicate that there are
strong multicollinearity or other numerical problems.
"""


>>reg.rsquared
Out[31]: 0.99888745996835127

Mean Absolute Error :  6.69340663529
Mean Squared Error :  77.9596702242
Root Mean Squared Error :  8.82947734717